12108112826242513157222120141619296172216141752412152528201182123910181326
610192513165212881871123291724141226
28255291523724261916131211101422186171129272413251917151816288232256211020
26165627148211229171120282524187910205191210288262117142925272215131869282025266172724152910169118131272219
23262462892
21262216817125236719
787205
4594956305866286941548151
419559672554739802298576035206434022
1446363822171115191042312047491684524404130377282132651227291344269184356334
0
41253262139481314274420363811423791247194026283373418530432935231782245153110244946
32104137443928192922
122430491332818731201934383547623822164642925392617540444515102143414836111327373214
895552232364388669
042328345007383208962867745888593014574
16623078727102063021841201390508214356451132836101752447980774001524
020
59713375
74992570742352359850
742895992030697778581615045251931135148973874825670177751530539617159819202327357419871
0308242398055139967977
462
59166372612643603754057669135532532330019692436353899966692184123456422384052
717319113723836
239391431820577080009250311954354958454288793964211942601021301528007300847290267567259745457
21368859658311914257733691948956610704972441073924340
4036403429707145616397834328683616596334424
892987459693102
98974392398176962094148037672034155814975544627836
790796395925099318182607600104398376640844311609207841290115207293488714359630854459
21939077194213790581
5539809340992178360689520485784505
41880667437015349342705344562715010480583199951601872518408618050221514955931585956603502666
2950444304199785720158472
5603793542631096649266256967260060483754311915101141296
65
149259
05079763
43959683035332
763198689362
184540316084965971058304831922268290749624412523802822887511614599702526102775
0858727861029287189539850668126909908978785568002807088
169099430008702527585044336683366539977135955376275410892260391081382324938064011096766159973657
203252625767
6649870556608497218099546453334039911795166288032597457624195996381
311758793868572038099032326845028607419321513402
12362355108
7741686931403585639739074331
87734594991655676375383088964430828583259988558030155988025896417680861260806852990940775923094
954373470547
81720278185935842595952372182424746212990066069372278953181199904062827
23737620334990629740812377133623112703820765908645421504577217280599
8789805148604765353638
46235870501
9961265929835
7550653467405080958751196448766685
003632931903103067765147766521247318083982700762806
77056894665730503645306151443704
117593691294666296441753686782049773167168834338445681882953838543421109435749345525
51
411230319406136377733911774728394202917377284722131884795495603162408913
78640432579597
17392366530811552365170023725180888965828254
75405343086102540662
680608
243757956243991
64839917406713720162031613025573906093773455044174591849303677640950781886246691146796243
045309831769117010558353001
6139963936764773604392045612488971755881622
08194387418982234383679294327787926972636449283
7325604644800745210012
44
230086613199118678
6694984476315647121959444
793333666434557910159060638814980029
8964591545
3588349338987803391417765634787263497308392799190258889600
936963868714308628403052784538650209027463546154381532708967364617553609313281322441453
9882506800787448629489841644056597102388418864948821617497076544623784655243619737640
10572691771
79619416946194397453453393191793759597413155973290473283856
102426097182909
4776280916266997795256972178377156697950600616
3617819182045053537396135629736392560409470773766359615939430626482011861082
292360163218116170371562638440437333516583096023731080177365945111176294099241
636874211793084754944083536456601715150325604058786699734529
363449271722946322812314443411918725303938151142233547264037102948524148161321456334
909
0618476530976346
8994000141166801
31828730519828571119
026368320739264864848317
6315677202768019411
602220271944351781963626
2829132051947211538424092246308916433149717825356374133104526364414232712392434481118
882531354276724393207
4714371221533363415323018244546234192744483840204271028164925112917221935136432639319
01081258349471271598206673598899164316643616304286344684982051063714668300983351619230
995991158403891221591475287430734521622081149479773023119340595388762755061455158207291017510938